James Wong
New Zealand
5.5 6.0 5.5 5.0 5.5 6.5 5.0 2.8
6.5 7.0 5.5 7.0 5.5 6.5 6.0 2.4
4.5 4.0 4.5 4.0 4.5 4.5 4.0 3.1
Xian Wong
China
7.5 8.0 8.5 8.0 7.5 8.5 8.0 2.6
6.5 7.0 5.5 7.0 5.5 6.5 6.0 3.0
8.5 8.0 8.0 8.0 9.0 9.0 8.5 2.8
Michael Lee
USA
5.0 5.5 5.0 4.5 6.5 5.5 5.0 2.6
2.0 2.5 2.0 4.0 6.0 4.0 4.0 3.0
4.5 4.0 4.5 4.5 4.5 4.5 5.0 2.5
Liam Smith
Canada
4.5 5.0 4.5 3.5 5.0 4.5 4.0 2.4
1.5 1.5 2.0 3.5 4.5 3.0 3.0 2.6
4.0 4.5 4.0 3.5 4.0 4.0 3.5 2.3
Sophia Tan
Singapore
6.0 5.5 5.0 4.0 6.5 6.0 5.5 3.1
1.0 1.5 2.5 3.0 5.0 4.0 4.5 3.3
5.0 5.5 5.0 4.5 5.0 4.5 4.0 2.9
Isabella Cruz
Mexico
5.5 6.0 6.0 5.0 6.5 5.5 6.0 3.2
2.0 2.5 2.0 4.5 5.5 3.5 4.0 3.6
4.5 5.0 4.5 4.0 5.0 4.5 4.5 3.1
Noah Johnson
Australia
5.0 5.5 5.0 4.5 6.0 5.5 5.0 2.7
1.5 1.5 1.0 3.5 4.5 3.5 3.5 2.8
4.0 4.5 4.0 3.5 4.0 4.5 4.0 2.4
Emma Davies
UK
6.5 6.0 5.5 4.5 5.5 6.0 5.5 3.3
1.0 1.5 2.5 3.5 5.0 4.0 4.5 3.5
5.0 5.5 5.0 4.5 5.5 5.0 4.5 3.0
Lucas Muller
Germany
5.0 5.5 6.0 4.0 5.5 5.0 5.0 2.9
1.5 2.0 1.5 3.0 4.0 3.5 3.5 2.7
4.5 4.0 4.5 4.5 4.5 4.0 4.0 2.5
Olivia Rossi
Italy
6.0 5.5 6.5 5.5 6.5 6.0 5.5 3.4
2.0 1.5 2.0 4.0 6.0 4.5 4.5 3.8
5.0 5.5 5.5 5.0 5.5 5.0 5.0 3.2
Ethan Brown
South Africa
4.5 5.0 4.5 3.5 4.0 4.5 4.5 2.5
1.0 1.5 1.0 3.0 4.0 3.0 3.5 2.4
4.0 3.5 4.0 3.5 3.5 3.5 4.0 2.3
